-99.490 -89.532 -92.811 -14.733 -73.081 -35.659 6.426 -86.534 40.438 -80.713 -0.677 19.082 60.257 -100.179 77.416 34.734 71.376 -24.522 85.627 -50.301
-56.613 -39.332 61.910 -30.294 55.884 -47.154 -79.469 74.996 -64.892 -87.057 -4.276 83.504 -4.357 10.391 -88.286
44.659 7.141 -27.532 -5.657 25.438 -39.077 70.127 49.264 45.757 33.951 16.174 0.506 31.386 -62.083 14.875 80.362 -53.305
-1.616 -63.767 -64.854 40.022 60.225 -71.236 9.193 -54.080 16.424 6.417 -24.606 85.150
21.916 -76.378 53.839 15.106 -71.491 -29.388 -47.031 90.052 73.403 -0.799 -16.925 54.969 32.495 46.517 24.610 -19.304 52.531
-2.112 1.502 59.546 -14.354 -68.374 -44.777 -17.655 -100.480 -73.362 -20.205 -95.393 13.597 39.045 44.804 62.227 -71.677 -39.587
-73.431 -46.782 45.073 94.211 3.222 20.124 -70.399 15.513 -18.294 64.127 7.876 80.390
-95.095 -45.401 -22.864 -38.114 46.726 73.785 6.529 98.855 -79.396 2.189 3.029 -77.913 11.118 53.903 -68.013 -97.569 -33.688
36.909 -57.809 7.016 -31.605 -33.783 -47.011 -30.024 -54.691 72.068 -18.907
-63.774 43.102 74.362 -64.515 -79.636 21.063 -44.930 -52.543 81.162 -39.403 60.233 0.690 -45.797 7.871 30.392 -31.161 -33.522
-14.519 10.415 -46.667 -45.746 -40.051 13.793 94.351 37.988 -32.516 -53.139 -26.728
89.253 -24.915 -97.697 64.243 -98.997 51.170 92.391 21.793 39.970 17.865 -28.900 38.782 -78.204 -61.538
-3.890 29.047 14.379 80.707 51.581 57.749 -27.853 80.655 -11.131 72.247 16.469 52.326 -47.040
-68.988 -73.633 86.183 14.492 -40.549 95.445 -12.304 86.533 -6.226 -98.284 -24.356 -88.928 5.762 49.131 -71.225 23.333 58.848 53.500 -80.081
91.792 39.478 24.670 15.781 53.060 -98.148 -43.317 -37.269 34.599 -70.334 -17.721 81.716 -33.575 -88.743 -14.175 3.318 67.422 -82.472 4.670 -88.664
43.356 67.349 -46.965 46.449 -24.159 27.119 -24.240 0.125 -51.538 0.114 90.143 -76.218 -15.570 -42.894 34.697 35.050
-25.011 -55.728 -0.246 -26.669 -98.794 100.575 -21.276 -44.578 39.105 -60.087 70.587 72.976 69.748 -77.925 60.798
-84.430 52.529 -87.339 8.307 -25.023 1.989 64.406 -100.437 -25.406 100.919 -61.926 31.539 11.962
-97.704 -47.639 -65.898 -90.616 18.108 30.422 -11.317 24.194 -83.055 -11.753 -70.648 94.419 5.461 -14.898 -29.988
-64.460 -90.345 47.092 -73.733 28.329 -98.148 -6.831 -59.594 -90.802 -55.047 -42.771 -71.906 -30.818 -43.810 14.474 8.306
